[	-0.074747779	]
[	-0.079799593	]
[	-0.075684471	]
[	-0.078330456	]
[	-0.068918851	]
[	-0.078345106	]
[	-0.053211854	]
[	-0.079080513	]
[	 -0.06902869	]
[	-0.067567342	]
[	-0.083502182	]
[	-0.065821013	]
[	-0.079825533	]
[	-0.082719126	]
[	-0.070489223	]
[	-0.063021225	]
[	-0.066091899	]
[	-0.067741872	]
[	 -0.06302373	]
[	-0.072799134	]
[	-0.076680827	]
[	 -0.07585354	]
[	-0.062987991	]
[	-0.081328886	]
[	-0.091612861	]
[	-0.057663436	]
[	-0.075695963	]
[	-0.087491357	]
[	-0.076046302	]
[	-0.080952515	]
[	-0.075390602	]
[	-0.068456075	]
[	-0.079126794	]
[	-0.083427323	]
[	-0.086707785	]
[	-0.068278691	]
[	-0.072291056	]
[	-0.068442251	]
[	-0.082481693	]
[	-0.080009394	]
[	-0.094580138	]
[	-0.082726123	]
[	-0.092337655	]
[	 -0.08657796	]
[	-0.089036919	]
[	-0.097767188	]
[	-0.084162092	]
[	-0.094948872	]
[	-0.082915384	]
[	-0.095139051	]
[	-0.085988775	]
[	-0.077762506	]
[	-0.092374231	]
[	-0.078291743	]
[	-0.081714354	]
[	-0.091666015	]
[	 -0.10342165	]
[	-0.087019737	]
[	-0.084731376	]
[	  -0.1010773	]
[	 -0.07638168	]
[	-0.071929389	]
[	-0.076249823	]
[	-0.064351245	]
[	  0.02713477	]
[	  0.00968219	]
[	 0.024617966	]
[	 0.020385017	]
[	  0.01625121	]
[	 0.023706626	]
[	 0.020645179	]
[	 0.027396761	]
[	 0.025235126	]
[	 0.032718185	]
[	 0.019581505	]
[	 0.031699538	]
[	 0.031989787	]
[	 0.029315317	]
[	 0.027650934	]
[	 0.012690836	]
[	 0.026127842	]
[	 0.010315612	]
[	 0.026938352	]
[	 0.016506966	]
[	 0.015355094	]
[	 0.028833065	]
[	 0.020796591	]
[	 0.020324925	]
[	 0.014427566	]
[	 0.024877488	]
[	 0.036151378	]
[	 0.014902721	]
[	 0.026642975	]
[	 0.010621816	]
[	 0.033464164	]
[	 0.026980455	]
[	 0.025217545	]
[	 0.024829619	]
[	 0.014358633	]
[	 0.026252026	]
[	-0.0076252614	]
[	-0.00081233781	]
[	-0.00072193164	]
[	0.0013957773	]
[	-0.0045040757	]
[	-0.00074825815	]
[	 0.012120474	]
[	0.0054699281	]
[	-0.0036582506	]
[	0.0022506908	]
[	0.0077279951	]
[	0.0057924972	]
[	-0.00024191364	]
[	 0.010300691	]
[	 0.001507678	]
[	-0.0096944836	]
[	-0.0080920066	]
[	0.0014254145	]
[	 0.002362292	]
[	-0.003675152	]
[	 0.016735694	]
[	  0.01694141	]
[	0.0033888308	]
[	0.00033349433	]
[	 0.018285745	]
[	 0.012287423	]
[	  0.01238468	]
[	 0.013645198	]
[	0.0071472262	]
[	 0.007376422	]
[	 0.024866608	]
[	 0.018385975	]
[	 0.017355421	]
[	 0.012593195	]
[	 0.019447919	]
[	 0.016806802	]
[	 0.032685705	]
[	 0.014281046	]
[	 0.017028432	]
[	0.0075004199	]
[	-0.00045902814	]
[	0.0082765574	]
[	  0.01289904	]
[	-0.0004914445	]
[	-0.00048570785	]
[	0.0083740386	]
[	0.0084617133	]
[	0.0071794855	]
[	 0.012592891	]
[	 0.014378043	]
[	0.0057875304	]
[	0.0071702031	]
[	0.0004209178	]
[	0.0030565135	]
[	0.0032563311	]
[	0.0063266861	]
[	0.0021028883	]
[	   0.0117308	]
[	0.0037517803	]
[	 0.008785091	]
[	 0.020794773	]
[	 0.021212186	]
[	 0.021599925	]
[	 0.011111724	]
[	0.0028704421	]
[	 0.013536767	]
[	 0.012112158	]
[	 0.013664701	]
[	 0.017571474	]
[	 0.011642526	]
[	 0.010281264	]
[	 0.018035837	]
[	0.0018545462	]
[	 0.021059899	]
[	0.0093044127	]
[	 0.008198022	]
[	 0.015879866	]
[	  0.01287902	]
[	 0.025554086	]
[	0.0036848083	]
[	0.0018418233	]
[	 0.017917423	]
[	 0.018516146	]
[	0.0068688354	]
[	 0.022854705	]
[	0.0016833736	]
[	  0.01757526	]
[	 0.014564558	]
[	 0.023472147	]
[	 0.017183263	]
[	 0.013432377	]
[	 0.022863111	]
[	 0.017681176	]
[	 0.021860313	]
[	  0.02242053	]
[	 0.020167225	]
[	-0.007855437	]
[	  0.03025432	]
[	 0.012799796	]
[	 0.018590915	]
[	 0.033227698	]
[	 0.032640916	]
[	 0.021625962	]
[	 0.025021942	]
[	 0.023909947	]
[	  0.02710232	]
[	 0.020612935	]
[	 0.017419962	]
[	 0.023199762	]
[	 0.019455621	]
[	 0.031603515	]
[	 0.038222952	]
[	 0.036258647	]
[	 0.032971834	]
[	 0.025476977	]
[	 0.036455112	]
[	 0.033996769	]
[	 0.029700353	]
[	 0.022341443	]
[	 0.028626559	]
[	 0.029540379	]
[	 0.028630723	]
[	 0.025723669	]
[	 0.030174632	]
[	 0.028633508	]
[	 0.028315939	]
[	 0.033818562	]
[	 0.029442065	]
[	 0.027846076	]
[	0.0072343798	]
[	 0.025734549	]
[	 0.026863095	]
[	 0.034787244	]
[	 0.023470306	]
[	 0.028707264	]
[	 0.026281007	]
[	 0.025123913	]
[	0.0082007487	]
[	 0.023663396	]
[	 0.021452577	]
[	 0.020897218	]
[	 0.023774003	]
[	  0.02077201	]
[	 0.015336983	]
[	  0.01142192	]
[	0.0060492049	]
[	 0.011731698	]
[	0.0029489655	]
[	 0.010771833	]
[	 0.013146833	]
[	 0.013285314	]
[	 0.011160112	]
[	0.0088279447	]
[	 0.026244354	]
[	 0.012652111	]
[	 0.014987259	]
[	 0.013388302	]
[	 0.010407286	]
[	 0.003916078	]
[	0.0066590318	]
[	 0.021670414	]
[	 0.014810632	]
[	 0.021713111	]
[	 0.026723104	]
[	 0.014128525	]
[	 0.028852499	]
[	 0.021073156	]
[	 0.041068221	]
[	 0.014782991	]
[	 0.027369353	]
[	 0.009529719	]
[	0.0047087054	]
[	 0.029902825	]
[	 0.018148268	]
[	 0.022992833	]
[	 0.022237307	]
[	 0.025300022	]
[	 0.028938756	]
[	 0.032257595	]
[	 0.036245923	]
[	 0.026473056	]
[	-0.0026212295	]
[	 0.020308584	]
[	 0.010740339	]
[	 0.015755426	]
[	 0.014118965	]
[	 0.013070253	]
[	 0.024590803	]
[	0.0086765174	]
[	-0.0010948433	]
[	 0.029460367	]
[	0.0029162866	]
[	0.0073996896	]
[	0.0047356312	]
[	 0.012584076	]
[	0.0026347843	]
[	0.0065749402	]
[	 0.013836067	]
[	0.0028581437	]
[	 0.021337681	]
[	0.0094764522	]
[	  0.01312583	]
[	 0.017152849	]
[	  0.02108566	]
[	-0.0019325759	]
[	0.0099797456	]
[	 0.015835852	]
[	 0.016727027	]
[	0.0027120239	]
[	0.00036876675	]
[	0.0094929268	]
[	 0.012379068	]
[	0.0060327384	]
[	0.0029617146	]
[	  0.03058695	]
[	 0.016629788	]
[	 0.017498773	]
[	  0.02173716	]
[	0.0060014384	]
[	0.0085197357	]
[	 0.023139176	]
[	 0.015983261	]
[	 0.010764347	]
[	0.0079047779	]
[	 0.012580635	]
[	 0.013852392	]
[	0.0037983386	]
[	0.0049347118	]
[	0.0096327538	]
[	0.0053671185	]
[	0.0010628942	]
[	 0.014852471	]
[	0.0013458396	]
[	 0.005735289	]
[	 0.020423517	]
[	0.0010384689	]
[	-0.0043853851	]
[	-0.0012015341	]
[	0.0062440397	]
[	0.0077072716	]
[	 0.009418499	]
[	 0.010086638	]
[	 0.016926388	]
[	-0.00091548525	]
[	 0.015332347	]
[	 0.012678959	]
[	 0.021159953	]
[	 0.013288837	]
[	0.0095734601	]
[	-0.0023319966	]
[	 0.010850589	]
[	-0.0068552259	]
[	0.0069579455	]
[	0.0092610592	]
[	0.0047967872	]
[	0.0022356297	]
[	-0.0013229679	]
[	 0.014125582	]
[	0.0068260801	]
[	0.0042158226	]
[	0.0045593022	]
[	 0.012156572	]
[	0.0011876488	]
[	  0.01073441	]
[	-0.00030914226	]
[	0.00099794524	]
[	 0.019839323	]
[	0.0014804488	]
[	 0.010396998	]
[	 0.013053883	]
[	 0.010931678	]
[	 0.021847276	]
[	0.0028858832	]
[	0.0047326861	]
[	 0.012706448	]
[	0.0045980503	]
[	0.0004200367	]
[	 0.006043247	]
[	-0.001272159	]
[	-0.0049769306	]
[	 0.023216433	]
[	 0.010404389	]
[	 0.012023493	]
[	 0.022165177	]
[	 0.009628365	]
[	  0.01407027	]
[	 0.023453948	]
[	 0.009766068	]
[	 0.012854921	]
[	  0.04137238	]
[	   0.0102935	]
[	-0.0052987971	]
[	0.0062124856	]
[	-0.0047588472	]
[	 0.019065009	]
[	 0.024925247	]
[	 0.024769662	]
[	 0.015306775	]
[	 0.007161093	]
[	 0.013069247	]
[	-0.0041553977	]
[	0.00027426605	]
[	0.0051795698	]
[	-0.0070768192	]
[	 0.005185703	]
[	 0.011097588	]
[	0.0035412259	]
[	0.00079402389	]
[	 0.013890149	]
[	0.0088184007	]
[	 0.009341056	]
[	0.0097580828	]
[	-0.0077761452	]
[	 0.011063293	]
[	 0.013586857	]
[	-0.0094919141	]
[	  0.01329573	]
[	 0.011667878	]
[	 0.013372949	]
[	0.0081710382	]
[	  0.01727115	]
[	0.0068194983	]
[	 0.024253716	]
[	  0.01545647	]
[	0.0067320646	]
[	 0.031820501	]
[	 0.025820057	]
[	0.0055624365	]
[	 0.015525306	]
[	 0.024527667	]
[	0.0080959956	]
[	 0.016542394	]
[	0.0087392159	]
[	 0.015150406	]
[	 0.024720564	]
[	 0.008169074	]
[	 0.022180549	]
[	0.0043243649	]
[	 0.013808342	]
[	 0.017831209	]
[	 0.018130704	]
[	0.0093302126	]
[	 0.015762873	]
[	 0.012469085	]
[	  0.01051191	]
[	 0.019874484	]
[	 0.021476507	]
[	 0.013094349	]
[	 0.011242771	]
[	 0.023578904	]
[	   0.0212655	]
[	 0.014582847	]
[	  0.00287128	]
[	 0.026533744	]
[	 0.027189255	]
[	0.0098769826	]
[	  0.01532074	]
[	  0.01879478	]
[	 0.023533632	]
[	0.0024430004	]
[	0.0046011397	]
[	0.0030259387	]
[	-0.0054663414	]
[	-0.0024618328	]
[	0.0061019889	]
[	0.0082501225	]
[	-0.00096904877	]
[	 0.014034333	]
[	 0.012627919	]
[	0.0052322467	]
[	0.0018037405	]
[	0.0027247517	]
[	-0.0019490316	]
[	0.0070814429	]
[	-0.0069234501	]
[	0.0073424303	]
[	0.0023187677	]
[	-0.0020986952	]
[	0.0034572971	]
[	0.0014714576	]
[	 0.029628086	]
[	 0.026183413	]
[	 0.022164288	]
[	 0.026107185	]
[	  0.02572504	]
[	 0.031525705	]
[	 0.025360353	]
[	 0.023239581	]
[	 0.022828083	]
[	 0.024880484	]
[	 0.016000963	]
[	 0.014410769	]
[	 0.024552329	]
[	 0.040340273	]
[	  0.03911987	]
[	 0.022871187	]
[	 0.015404231	]
[	 0.018242402	]
[	 0.027050412	]
[	 0.024724511	]
[	 0.020286104	]
[	 0.017090925	]
[	 0.015149453	]
[	 0.022797085	]
[	   0.0169965	]
[	 0.012044208	]
[	  0.01972753	]
[	 0.018116146	]
[	 0.018363252	]
[	 0.019751041	]
[	 0.015225158	]
[	 0.014928743	]
[	 0.017276997	]
[	 0.022365173	]
[	  0.01374824	]
[	 0.011828491	]
[	 0.019106259	]
[	 0.029592623	]
[	0.0031006855	]
[	 0.012883939	]
[	 0.018272153	]
[	 0.021237877	]
[	0.0071298908	]
[	 0.015311512	]
[	 0.020312963	]
[	0.0099168469	]
[	0.0094330909	]
[	 0.010778325	]
[	0.0074633224	]
[	 0.017551052	]
[	 0.029004412	]
[	 0.019410874	]
[	 0.013044999	]
[	 0.024011052	]
[	0.0061172522	]
[	 0.022269666	]
[	 0.014717794	]
[	 0.017914501	]
[	 0.013057427	]
[	 0.010506948	]
[	-0.0029199139	]
[	 0.018927937	]
[	 0.014787343	]
[	0.0056657809	]
[	 0.025490716	]
[	0.0087176723	]
[	-0.0028699635	]
[	 0.012309942	]
[	0.0090264845	]
[	 0.017671177	]
[	  0.02510862	]
[	 0.004822302	]
[	 0.011764767	]
[	0.0091604623	]
[	0.0014859441	]
[	 0.022001193	]
[	 0.021418224	]
[	 0.010260898	]
[	 0.014817761	]
[	0.0047181415	]
[	0.0088942598	]
[	0.0056468777	]
[	 0.016489595	]
[	 0.014058069	]
[	 0.020179677	]
[	0.0031998711	]
[	0.0095663029	]
[	  0.01278462	]
[	0.0013392042	]
[	0.0099220083	]
[	 0.021643841	]
[	 0.023019079	]
[	 0.020696815	]
[	 0.015055104	]
[	 0.013747136	]
[	 0.020530936	]
[	  0.02102795	]
[	 0.015053877	]
[	  0.03019468	]
[	 0.016638777	]
[	0.0043034707	]
[	-0.0004263212	]
[	-0.0011113238	]
[	0.0086277541	]
[	0.0079499854	]
[	0.0095539512	]
[	 0.011019472	]
[	-0.0048761457	]
[	 0.010512083	]
[	-0.012404202	]
[	-0.0063275674	]
[	0.0015077346	]
[	 0.002579999	]
[	0.00058724742	]
[	0.0014590209	]
[	-0.006959323	]
[	-0.00071654492	]
[	-0.0012683311	]
[	-0.0039063693	]
[	 0.010467375	]
[	0.0020821925	]
[	 0.016758071	]
[	0.0033515295	]
[	-0.0010054704	]
[	0.0046244015	]
[	-0.0091502918	]
[	0.0080493279	]
[	0.0066461535	]
[	 0.014910273	]
[	   0.0205178	]
[	0.0048160568	]
[	-0.0013551518	]
[	0.00055993632	]
[	0.0020689879	]
[	0.0064991902	]
[	-0.0022507136	]
[	0.0010763745	]
[	 0.015121795	]
[	 0.014875027	]
[	 0.009759558	]
[	 0.023629601	]
[	  0.02122703	]
[	 0.016420441	]
[	 0.015829207	]
[	 0.024120594	]
[	 0.015738346	]
[	 0.023368232	]
[	 0.016635588	]
[	 0.023241123	]
[	 0.011237966	]
[	0.0078295312	]
[	 0.013437361	]
[	0.0062935832	]
[	 0.014622582	]
[	0.0068316274	]
[	 0.010438125	]
[	 0.028009246	]
[	  0.01764678	]
[	 0.011087116	]
[	 0.022094156	]
[	 0.012375381	]
[	 0.029674052	]
[	  0.02818749	]
[	0.0059929426	]
[	 0.014176362	]
[	 0.024230371	]
[	 0.030608768	]
[	 0.014094629	]
[	 0.008664727	]
[	 0.018576904	]
[	 0.019732488	]
[	  0.01704424	]
[	 0.016092138	]
[	 0.017141654	]
[	  0.02043247	]
[	 0.018970991	]
[	0.0075174149	]
[	0.0072869405	]
[	0.0065478322	]
[	 0.012782176	]
[	 0.028318866	]
[	 0.019524101	]
[	 0.015129996	]
[	 0.031028213	]
[	  0.02307974	]
[	 0.031536203	]
[	 0.012961676	]
[	 0.025081249	]
[	 0.027625684	]
[	 0.029263885	]
[	 0.029277586	]
[	0.0092880868	]
[	 0.024186277	]
[	 0.020194573	]
[	  0.02136056	]
[	 0.017352103	]
[	 0.011105976	]
[	 0.036554826	]
[	 0.028168888	]
[	 0.025557949	]
[	   0.0134019	]
[	 0.018786592	]
[	0.0078001601	]
[	 0.011442573	]
[	0.0074950746	]
[	 0.024714759	]
[	 0.024356515	]
[	 0.014364309	]
[	 0.018775506	]
[	0.0067685929	]
[	 0.017400717	]
[	 0.022342959	]
[	 0.021693537	]
[	0.0054532613	]
[	0.0086598734	]
[	-0.0014505297	]
[	 0.018756963	]
[	 0.032652197	]
[	 0.032621601	]
[	  0.01088915	]
[	 0.022117033	]
[	 0.017013843	]
[	 0.027347922	]
[	0.0090358651	]
[	 0.024728028	]
[	 0.023582235	]
[	 0.022167775	]
[	0.0096192683	]
[	 0.022560915	]
[	 0.015022106	]
[	 0.013954999	]
[	 0.021280495	]
[	 0.020528935	]
[	 0.025264751	]
[	 0.022669745	]
[	 0.024384536	]
[	 0.015221481	]
[	0.0064514077	]
[	 0.016793536	]
[	 0.004441522	]
[	 0.018635803	]
[	 0.017861405	]
[	 0.022567755	]
[	 0.021106432	]
[	0.0049675625	]
[	 0.018012807	]
[	0.0053890897	]
[	 0.024433138	]
[	 0.028622094	]
[	 0.011806522	]
[	 0.012510047	]
[	   0.0152208	]
[	0.0065629457	]
[	 0.024340444	]
[	0.0052702295	]
[	 0.014253445	]
[	 0.024645125	]
[	0.0094616068	]
[	 0.015243402	]
[	 0.024230276	]
[	 0.014263434	]
[	 0.024088597	]
[	 0.030978594	]
[	 0.016098936	]
[	 0.014953118	]
[	 0.021854895	]
[	 0.019568344	]
[	 0.019514956	]
[	 0.019643968	]
[	 0.017363066	]
[	 0.017604635	]
[	 0.015929986	]
[	  0.02077622	]
[	 0.013762069	]
[	   0.0259486	]
[	 0.014240738	]
[	 0.019894426	]
[	 0.016382262	]
[	 0.023900044	]
[	 0.024790842	]
[	0.0018882179	]
[	 0.011207558	]
[	 0.028873159	]
[	 0.018889877	]
[	 0.017190942	]
[	 0.015102641	]
[	0.0086186943	]
[	0.0037160601	]
[	 0.013468703	]
[	 0.024416212	]
[	 0.028318505	]
[	 0.012091215	]
[	 0.032117904	]
[	 0.021011515	]
[	0.0090615168	]
[	0.0082129357	]
[	 0.022821984	]
[	 0.014423815	]
[	 0.018411912	]
[	 0.024159101	]
[	 0.014109692	]
[	 0.011875188	]
[	   0.0146721	]
[	-0.00019675795	]
[	 0.022417612	]
[	 0.019299026	]
[	 0.021133042	]
[	0.0098917585	]
[	 0.013141636	]
[	 0.019566371	]
[	  0.01776157	]
[	 0.024934081	]
[	0.0017679577	]
[	 0.013004189	]
[	0.0065257188	]
[	 0.020380137	]
[	 0.036834173	]
[	 0.018378283	]
[	 0.016865419	]
[	0.0019871517	]
[	 0.019162338	]
[	 0.018975817	]
[	 0.022663918	]
[	 0.010850635	]
[	0.0057970878	]
[	0.0055847345	]
[	0.0074198693	]
[	 0.016330513	]
[	  0.01564448	]
[	0.00073790424	]
[	 0.016620152	]
[	  0.01026552	]
[	  0.01854828	]
[	0.0068507077	]
[	 0.015208973	]
[	0.0058417516	]
[	0.0028905335	]
[	 0.011525917	]
[	0.0059612865	]
[	-0.0025493021	]
[	 0.012285332	]
[	-0.0016342838	]
[	 0.013858057	]
[	0.0073666112	]
[	0.0095861824	]
[	 0.015627653	]
[	0.0090063139	]
[	 0.013198866	]
[	 0.016836479	]
[	 0.002583242	]
[	 0.010666487	]
[	 0.016174365	]
[	-0.0025215798	]
[	 0.011931825	]
[	0.0043799316	]
[	 0.013287001	]
[	 0.025590233	]
[	  0.01808554	]
[	0.0055347496	]
[	 0.018226323	]
[	 0.013116252	]
[	0.0061552442	]
[	0.0082511394	]
[	 0.016695612	]
[	-0.00032305124	]
[	0.0094866555	]
[	0.0025832739	]
[	0.0077780001	]
[	-3.5620008e-05	]
[	 0.014375275	]
[	0.0085944642	]
[	 0.013020828	]
[	 0.015626632	]
[	  0.01460027	]
[	0.0069807215	]
[	 0.013736363	]
[	0.0029483971	]
[	0.0062913729	]
[	0.0059075742	]
[	 0.012843802	]
[	  0.02089694	]
[	 0.011585133	]
[	  0.01143816	]
[	 0.027358379	]
[	0.0054055279	]
[	 0.011160629	]
[	0.0060536959	]
[	0.0033808756	]
[	0.0052705094	]
[	-0.0018122192	]
[	0.0075644623	]
[	 0.012654688	]
[	0.0033970433	]
[	0.0011679335	]
[	-4.9627894e-05	]
[	 0.003728566	]
[	 0.017508537	]
[	 0.020053888	]
[	-0.001668884	]
[	0.0045851969	]
[	  0.02714286	]
[	 0.011370391	]
[	 0.018875665	]
[	 0.023190889	]
[	 0.030604539	]
[	 0.025948052	]
[	 0.025580308	]
[	 0.014051437	]
[	 0.029869475	]
[	  0.02295898	]
[	 0.011859429	]
[	 0.019025646	]
[	  0.01828145	]
[	 0.014042909	]
[	 0.028185595	]
[	 0.027153782	]
[	 0.023655823	]
[	 0.028413706	]
[	 0.018233868	]
[	 0.026990535	]
[	 0.001335497	]
[	 0.013246726	]
[	 0.012217133	]
[	0.0095480915	]
[	 0.010907382	]
[	 0.021286961	]
[	0.0027717884	]
[	0.0074925529	]
[	 0.013486852	]
[	0.0090731776	]
[	 0.017305576	]
[	 0.025914267	]
[	 0.014272121	]
[	0.0067213989	]
[	0.0058784356	]
[	 0.010285821	]
[	 0.013566351	]
[	 0.017542693	]
[	 0.014917945	]
[	0.0044986162	]
[	0.0081882999	]
[	 0.010057157	]
[	0.0062250208	]
[	 0.014477862	]
[	-0.00012761648	]
[	0.00088240451	]
[	0.0098737574	]
[	 0.016441619	]
[	 0.012269168	]
[	0.0065962947	]
[	 0.018887377	]
[	 0.010511718	]
[	 0.004927756	]
[	  0.01549457	]
[	0.0027053116	]
[	0.0036863999	]
[	0.0059647881	]
[	 0.011287999	]
[	0.0051156766	]
[	 0.013555633	]
[	0.0093477686	]
[	 0.032847682	]
[	 0.012698079	]
[	 0.015595752	]
[	-0.00088422986	]
[	 0.016772969	]
[	0.0095649489	]
[	0.0045638783	]
[	 0.020005845	]
[	 0.019183056	]
[	  0.02098477	]
[	  0.02055647	]
[	 0.013307044	]
[	-0.0014500757	]
[	 0.013311925	]
[	 0.022179568	]
[	0.0087998644	]
[	 0.028283962	]
[	 0.012028378	]
[	 0.017576584	]
[	 0.021400339	]
[	  0.01299102	]
[	-0.00087789678	]
[	  0.02587024	]
[	 0.012584967	]
[	 0.024714328	]
[	 0.013387622	]
[	0.0095965661	]
[	 0.016510633	]
[	-0.0029443594	]
[	 0.021646612	]
[	0.0093977507	]
[	0.0032104113	]
[	0.0037913356	]
[	 0.010121003	]
[	 0.028026109	]
[	0.0076330664	]
[	 0.011177644	]
[	0.0025812287	]
[	 0.011453189	]
[	 0.020703122	]
[	0.0030081082	]
[	 0.015143711	]
[	 0.030527459	]
[	0.0094254048	]
[	0.0081968118	]
[	0.0080476434	]
[	0.0058719424	]
[	0.0077065479	]
[	0.0047567642	]
[	 0.015284186	]
[	 0.023573768	]
[	 0.017289959	]
[	0.0091153121	]
[	 0.012712565	]
[	  0.01266347	]
[	0.0078498669	]
[	0.0098888845	]
[	0.0079820049	]
[	 0.018844678	]
